%YAML:1.0
---
corners: !!opencv-matrix
   rows: 4
   cols: 2
   dt: d
   data: [ 107., 365., 
        141., 74.,
        455., 414.,
        483., 34. ]