%YAML:1.0
---
version: M
nframes: 4.
board_width: 6.
board_height: 5.
square_size: 36.
aspect_ratio: 1.
camera_matrix: !!opencv-matrix
   rows: 3
   cols: 3
   dt: d
   data: [ 8.5878198781047683e+02, 0., 3.3511071673909521e+02, 0.,
       6.8893005764749205e+02, 2.0916223430851326e+02, 0., 0., 1. ]
distortion_coefficients: !!opencv-matrix
   rows: 1
   cols: 5
   dt: d
   data: [ 4.7496726463128511e-02, -3.2317588198978267e+00,
       -2.2791397762348502e-02, -2.1831621280439784e-03,
       2.5802496816013544e+01 ]
avg_reprojection_error: 8.0993766637237363e-01
extrinsicT: !!opencv-matrix
   rows: 4
   cols: 3
   dt: d
   data: [ -3.1167071892021039e+02, 2.5841087519775234e+00,
       1.0296112891314001e+03, -4.4952783752426669e+01,
       -9.9711899160182341e+01, 8.7445628167925543e+02,
       -6.2234889405539811e+01, -1.0882788466917366e+02,
       8.8764219330476226e+02, 9.7067227084050131e+01,
       7.8129871580054441e+01, 7.5527308138530134e+02 ]
extrinsicR: !!opencv-matrix
   rows: 4
   cols: 3
   dt: d
   data: [ -5.6173380254903149e-01, 3.1471573045780615e-01,
       -1.4974549018453340e+00, 3.2349645878168848e-01,
       5.5957059568893330e-01, 1.5556885662433964e+00,
       -1.4036756753819851e-01, 5.5162920870106602e-01,
       3.7613058500519971e-02, -8.4976635762020869e-01,
       -2.1026737353455680e-01, -2.9738379094111238e+00 ]
