%YAML:1.0
---
version: M
nframes: 4.
board_width: 6.
board_height: 5.
square_size: 36.
aspect_ratio: 1.
camera_matrix: !!opencv-matrix
   rows: 3
   cols: 3
   dt: d
   data: [ -1.6375465522271679e+04, 0., -7.7878402901446165e+01, 0.,
       -1.3061075992089027e+04, 9.4756903506287557e+01, 0., 0., 1. ]
distortion_coefficients: !!opencv-matrix
   rows: 4
   cols: 1
   dt: d
   data: [ 1.8504239264383040e+02, -9.9687237344522109e+03,
       2.9137146031602251e+05, -2.8322923492860883e+06 ]
avg_reprojection_error: 2.1734008877479857e-01
extrinsicT: !!opencv-matrix
   rows: 4
   cols: 3
   dt: d
   data: [ -1.7868176080793708e+02, -1.7014650181547222e+02,
       1.9633907406993039e+04, -3.8187793367699300e+02,
       -4.8474230699122117e+01, 1.8301911244388142e+04,
       -3.4844839916878033e+02, -3.4560854676576639e+01,
       1.7415405669428463e+04, -4.7133163349078893e+02,
       -2.0762804289317859e+02, 1.7132275275281412e+04 ]
extrinsicR: !!opencv-matrix
   rows: 4
   cols: 3
   dt: d
   data: [ -4.8227895943750282e-01, -8.2643562995695985e-01,
       1.4810812332794399e+00, 7.8893945613224370e-01,
       -4.5390533592719384e-01, -1.4322914609439719e+00,
       1.1826203774620414e+00, 3.2851629517362319e-01,
       -2.8681940858808797e+00, 2.1989218652637904e-01,
       -7.7178779637867756e-01, 4.1253026121632383e-02 ]
beltROI: !!opencv-nd-matrix
   sizes: [ 4, 1, 4, 3 ]
   dt: f
   data: [ 198., -72., 0., 198., 558., 0., -198., 558., 0., -198., -72.,
       0., -8.27999954e+01, 360., 0., -8.27999954e+01, -216., 0., 288.,
       -216., 0., 288., 360., 0., -324., -6.47999954e+01, 0.,
       2.37599991e+02, -6.47999954e+01, 0., 2.37599991e+02,
       2.77199982e+02, 0., -324., 2.77199982e+02, 0., 522.,
       2.48400009e+02, 0., -36., 2.48400009e+02, 0., -36.,
       -9.72000046e+01, 0., 522., -9.72000046e+01, 0. ]
