%YAML:1.0
---
image_width: 640
image_height: 480
board_width: 6
board_height: 5
square_size: 36
aspectRatio: 1.
corners: !!opencv-matrix
   rows: 30
   cols: 2
   dt: f
   data: [ 74.724274, 210.67921, 97.007935, 210.02380, 117.98080, 209.36841,
        140.26447, 208.71300, 163.85893, 208.71300, 78.683990, 185.55547,
        100.09379, 184.24466, 121.02746, 184.46124, 143.78725, 183.37080,
        167.29979, 182.16922, 81.343140, 161.43489, 102.24079, 160.51755,
        124.12519, 159.33939, 146.49419, 158.48477, 169.87717, 158.10678,
        83.927208, 138.80347, 104.90007, 137.05573, 127.18373, 135.30798,
        149.03047, 134.43411, 172.62494, 131.37558, 86.221107, 115.26362,
        107.63091, 113.95281, 129.36841, 112.15045, 152.08900, 109.96578,
        175.61168, 106.68685, 89.224960, 92.259636, 110.17845, 90.205811,
        132.09924, 87.299797, 154.38292, 85.115128, 177.97739, 82.493523 ]