%YAML:1.0
---
image_width: 640
image_height: 480
board_width: 6
board_height: 5
square_size: 36
aspectRatio: 1.
corners: !!opencv-matrix
   rows: 30
   cols: 2
   dt: f
   data: [ 444.52625, 279.26697, 447.50006, 247.14760, 450.11615, 215.70505,
        453.08258, 182.99911, 455.97775, 151.44664, 408.40134, 277.45679,
        411.79120, 245.95517, 413.87872, 215.11394, 416.80237, 183.37611,
        419.75134, 152.25168, 373.87772, 277.03644, 376.51129, 245.46478,
        379.07962, 214.94702, 382.51300, 183.96317, 385.53751, 153.86174,
        340.95923, 274.90393, 343.87015, 244.71097, 346.66663, 214.26216,
        348.96103, 185.22845, 352.12872, 155.47180, 309.22171, 273.12442,
        312.22263, 244.04100, 314.21078, 214.32587, 317.62726, 185.87813,
        321.13501, 155.47180, 279.16467, 272.37891, 282.28610, 241.74136,
        285.02106, 214.42596, 287.93536, 185.73695, 290.51434, 157.35629 ]