%YAML:1.0
---
image_width: 640
image_height: 480
board_width: 6
board_height: 5
square_size: 36
aspectRatio: 1.
corners: !!opencv-matrix
   rows: 30
   cols: 2
   dt: f
   data: [ 274.02130, 124.54341, 271.44147, 152.18745, 269.13123, 178.57787,
        266.30255, 207.42181, 263.56870, 235.30048, 303.66852, 122.07457,
        300.83234, 150.06436, 298.34558, 178.64966, 295.25565, 208.25818,
        292.54941, 236.11980, 334.11646, 120.17378, 331.42291, 150.18628,
        328.64011, 177.73495, 326.29013, 207.64900, 323.37741, 236.75543,
        366.19766, 117.07609, 363.35001, 147.64806, 360.85153, 177.15109,
        357.87717, 207.62506, 354.97360, 237.60388, 399.08667, 115.66240,
        396.91766, 145.19060, 394.78455, 176.70081, 391.23499, 207.46854,
        388.71466, 237.94885, 434.00616, 113.11046, 431.61349, 144.83574,
        429.48874, 175.45131, 426.08246, 207.52415, 423.73871, 237.84642 ]