%YAML:1.0
---
image_width: 640
image_height: 480
board_width: 6
board_height: 5
square_size: 36
aspectRatio: 1.
corners: !!opencv-matrix
   rows: 30
   cols: 2
   dt: f
   data: [ 290.92499, 130.55632, 262.08731, 131.86713, 234.56042, 133.17793,
        208.99974, 135.14413, 184.09447, 137.11034, 287.52246, 158.26787,
        259.44165, 158.73001, 231.96783, 160.61032, 206.13391, 162.41541,
        181.28352, 162.47316, 285.13635, 186.45415, 256.49179, 186.44887,
        228.86525, 188.01242, 202.52640, 188.60597, 177.99408, 188.73688,
        282.44623, 214.68607, 254.24841, 214.52448, 226.48288, 214.44238,
        199.72003, 214.43527, 175.15663, 214.48119, 279.71140, 242.93388,
        251.09161, 242.61502, 223.00955, 242.48416, 197.45526, 241.63380,
        172.13338, 241.48311, 276.83691, 272.35739, 248.19989, 270.95203,
        220.75220, 270.34875, 194.21953, 268.35730, 169.06653, 266.72232 ]