%YAML:1.0
---
nframes: 4.
image_width: 500.
image_height: 387.
board_width: 6.
board_height: 5.
square_size: 3.5999999999999997e-02
aspect_ratio: 1.
camera_matrix: !!opencv-matrix
   rows: 3
   cols: 3
   dt: d
   data: [ 8.5751022406647155e+02, 0., 3.3562613239694315e+02, 0.,
       6.8799539456151479e+02, 2.0954613375990266e+02, 0., 0., 1. ]
distortion_coefficients: !!opencv-matrix
   rows: 1
   cols: 5
   dt: d
   data: [ 4.7581756980717767e-02, -3.1923337220302366e+00,
       -2.2707146852796151e-02, -2.2219775892292032e-03,
       2.5237755109381716e+01 ]
avg_reprojection_error: 9.6080003856561708e-02
extrinsicT: !!opencv-matrix
   rows: 4
   cols: 3
   dt: d
   data: [ -3.1233012939378618e-01, 2.0123629543451495e-03,
       1.0282797860863671e+00, -4.5479937088080097e-02,
       -1.0019547612445227e-01, 8.7330871050310821e-01,
       -6.2771543820023992e-02, -1.0931765103769073e-01,
       8.8646651761064355e-01, 9.6626057271922236e-02,
       7.7703400820338914e-02, 7.5430720751643254e-01 ]
extrinsicR: !!opencv-matrix
   rows: 4
   cols: 3
   dt: d
   data: [ 2.8686820229155394e+00, 3.6873845399638762e-02,
       -8.2746193715231109e-01, 4.4489378399812797e-02,
       -2.5739488099254730e+00, 1.9810156925211067e-01,
       -1.9190646095233874e+00, -1.9949651631988625e+00,
       6.9484955218617306e-01, 1.8953797629467801e+00,
       -1.8147064860248445e+00, -3.9842452556898239e-01 ]
